sample	A	C	D	E	F	G	H	I	K	L	M	N	P	Q	R	S	T	V	W	Y
GCA_027600675	0.06487871616909563	0.0569000653515648	0.09139993165127146	0.05277971867850864	0.039104782351494304	0.06671234411190438	0.040811658732554705	0.08791083119722627	0.05542090643943142	0.05893495535146936	0.0830927648969503	0.038170470971631926	0.06335434864180763	0.05185746292935417	0.05892507643186149	0.022282991531086867	0.020642923436866085	0.011564363756554622	0.010724655589886197	0.024531031779479743
GCA_000392275	0.022629478649797787	0.058565528376061514	0.05581653470866521	0.08706825219064428	0.03676120795188724	0.07342834582105161	0.0533668781794985	0.09100411377674256	0.0650819266064192	0.051173869376021384	0.03848463321742433	0.0379245583499085	0.06421995834842588	0.0731614730863704	0.060471214426874184	0.054884013888629714	0.02896233796875595	0.02138177192759569	0.010699449408828323	0.014914453740397758
GCA_003016335	0.022013823984454617	0.058170538421711285	0.048545691378477085	0.08078104317139578	0.06053933604743876	0.08829027199138245	0.06156706099844952	0.06917286483749412	0.054670492982817426	0.01379341394498809	0.062094541246426375	0.02498777874399116	0.01593974163472743	0.08650453735841337	0.039231968749157575	0.03706979997715549	0.06018416230828469	0.04956744118442383	0.038541075231522975	0.028334415807287953
GCA_025602915	0.05966963905793711	0.049500234406655116	0.06324693647513367	0.049473943745053935	0.02145583102572022	0.061916054580297204	0.06175411294203108	0.05404122817598925	0.060639079588239636	0.013820713594834834	0.06015877792167681	0.040389525977162034	0.09358061578473648	0.04246693010351451	0.05303179932846139	0.02255606207424041	0.03090677154652276	0.053405391839113525	0.09690671587218055	0.011079635960499497
GCA_001600175	0.020149024013864862	0.0943711678825655	0.05900306834976102	0.06084949100703639	0.05641478847963788	0.0583080040398716	0.0891756380465253	0.05656351403066225	0.026877337590054208	0.03627309956948	0.052064566112174984	0.0440804321944278	0.046787338396915616	0.05905795516025811	0.022290368427083124	0.09708844440408733	0.06546807699633067	0.03328771236073737	0.011883879743757004	0.010006093194769009
GCA_025201725	0.02350417874917736	0.09386455891123725	0.05609000313631129	0.038862785095837446	0.05484142347400461	0.05159119596289898	0.049402204929664364	0.09264570351061205	0.048554661792530436	0.025064782823297136	0.03806280077739388	0.08648298036977624	0.06034908815605462	0.023806241516535043	0.07041163442949984	0.04052300561451135	0.06509870382938467	0.01507518149473511	0.053798985583251066	0.011969879843287266
GCA_003086735	0.018296884085004555	0.10049372010875958	0.05679629760332328	0.07829278375462548	0.05472092546473212	0.03554146207026353	0.042455224056167806	0.08125476831452895	0.04466536934902214	0.09313161052238882	0.07597744146106199	0.049023818886390604	0.04036842476733986	0.018748256519357256	0.053675005125412976	0.04010156720004571	0.058791343597602984	0.013305235987457023	0.00818318394014862	0.03617667718636674
GCA_000836135	0.021902491471885152	0.03860432013766866	0.06268255099094446	0.0934145976949786	0.053978867977091984	0.028424631198027833	0.058625620473859934	0.060296782749629636	0.04863600946617121	0.06287117794631678	0.08609659731482275	0.05420050464965445	0.0831939186669588	0.057271859324918635	0.01222447768470569	0.037179823880462745	0.061841347318812925	0.011619783195079449	0.04296450475992867	0.023970133098081665
GCA_025765595	0.022006723023538375	0.052318172363793734	0.0932473354564565	0.0826378636417856	0.01200415753310112	0.056316111579652786	0.041366735059764535	0.06675759771791234	0.015227354601728589	0.02687665925191977	0.05334826472744361	0.06154944233550741	0.06212577856340927	0.04189841497047588	0.05204528929800869	0.04381054452534531	0.08748726995253243	0.05791249999250733	0.022373114619279422	0.048690670785837296
GCA_025602895	0.021128492162663118	0.02567266371950376	0.06214017731342325	0.014842217286424033	0.0945342064550103	0.08572154321141705	0.06074997692994771	0.056371019835601936	0.03511968085363643	0.05651592104451137	0.053052414578415835	0.04736160822156691	0.05802142332452899	0.04279499535600331	0.05610481948385377	0.0916267027584818	0.03731447953865312	0.02776647651526715	0.06069696901106763	0.01246421240002252
GCA_002162545	0.021580349268701754	0.08496224196336503	0.08708495593828167	0.05385296276089871	0.06897102156855528	0.07897659117635038	0.02755542613803314	0.038908356872161945	0.058801149547527826	0.03645764810449308	0.04172447583361615	0.06086001332720317	0.05789402941704568	0.05653162079247039	0.054622621961498335	0.011008668375710002	0.06657684259157776	0.02266986947922032	0.013464257413078839	0.05749689747021053
GCA_000328475	0.019229593074669486	0.0586858896591276	0.1010152078140572	0.10567089640679299	0.06380604422377785	0.0444491177903752	0.033596956832988766	0.04408591693052411	0.0896020782408345	0.053496303322097254	0.06011713666378579	0.06442441311353123	0.05865129910104654	0.022487622595956214	0.0415550410975935	0.011868571921289936	0.058013880338726787	0.02627453673717793	0.03227675053289512	0.010692743602752004
GCA_003988945	0.02269084343938614	0.08568460446712621	0.06436240256777406	0.05946094397060898	0.0518064413428645	0.08180445546310007	0.059890626883926115	0.06961769450392014	0.036768918459934484	0.057948089733395644	0.057462061422000235	0.06173387004623475	0.0528370104944289	0.08557782402741144	0.013675382734981981	0.038701210992632545	0.0390670620563785	0.027062143063723888	0.022608886496726845	0.01123952783344458
GCA_001574975	0.020437090912557982	0.08976171470351484	0.07085384343340444	0.0851389195668606	0.06621162627150261	0.061491014753146944	0.043745463412170865	0.0928650012103453	0.034238558617349556	0.07459099421876934	0.03546179308021491	0.05419857396428078	0.014328863972196135	0.032116437513253326	0.04231229451276583	0.023123157004297387	0.023455097072165008	0.058405914324502844	0.06496226035648597	0.012301381100215355
GCA_002368545	0.02011183829290245	0.1009609036731336	0.061325896875185644	0.06249157962341722	0.060853122852874024	0.08718656864470326	0.06082846417935374	0.05792187908059015	0.013935288915589998	0.03532646402467661	0.07102437734047239	0.0605410785479628	0.045210557050643314	0.023818261092760324	0.07948297486720744	0.026565909832197726	0.010634837549779697	0.03503324997954451	0.04511012899848797	0.04163661857851714
GCA_000760515	0.021107481207357958	0.0352757049921382	0.10610630375901395	0.053724823443441615	0.058301900992374506	0.052665524555260364	0.041237397054194186	0.049581500061097836	0.06721085550726175	0.010108252415792213	0.10472492621728333	0.05928998650992172	0.072138335209428	0.05150021485397618	0.027835526246577914	0.05066669472041874	0.04808035457784633	0.02382006323423615	0.017748314144836668	0.04887584029754241
GCA_003385255	0.022309827581323265	0.048215723644544795	0.07939271074855037	0.036986861219353295	0.09081661143280284	0.046065851714273	0.07035094747320247	0.06421816769243842	0.08858884559201395	0.05853231686838155	0.03911994043644869	0.034704063836588694	0.011637754874944867	0.023246173082292387	0.026740271354059184	0.06024658986529412	0.06081187710161817	0.062066474865557136	0.06110079269699067	0.014848197919322141
GCA_001619985	0.0200299709787354	0.03692788470670328	0.08891573636335463	0.08907118957193885	0.04835819418355075	0.026493275524067255	0.013247012649192593	0.03735875501474056	0.05729075548259974	0.05814149940867799	0.024408902920221014	0.048596372491879945	0.06199983804874733	0.055497295314110455	0.06310950403928417	0.01146604871933548	0.08621654881880554	0.04089169160082815	0.06365009132251193	0.06832943284071495
GCA_000354255	0.02257365268569875	0.06089815084881704	0.0868475421758604	0.04909023489688651	0.08764197241582843	0.06712509000184949	0.06050574550753057	0.014808491854866651	0.08067033431954972	0.028478245915454253	0.06044820966424296	0.036920224284518195	0.050869671513895084	0.05961203417520191	0.0248667373673885	0.060564007355149885	0.055777823798385695	0.041453576832766174	0.013053739385136041	0.03779451500097376
GCA_002572855	0.021014285127659977	0.024554999886959198	0.062499567445909975	0.05093872311878189	0.059219077227169105	0.08801402997842074	0.040762513270759484	0.06824111741525055	0.06269335167824067	0.08646098777359912	0.03979751393285561	0.02684073104640256	0.08016230813630783	0.036476651999045845	0.013092431849084532	0.05654808455821117	0.06316881513399487	0.05747594191825166	0.05016497036254723	0.011873898140548013
GCA_002105135	0.02514467409435488	0.0599515984804651	0.07823077245401677	0.04926675576088633	0.05574889516332504	0.05184686254913481	0.08173673995394322	0.06115205245087856	0.09143487459201058	0.0595459493482422	0.014382490578687462	0.04858294722371059	0.03784996153019768	0.058823358970952845	0.061166094151609354	0.05546338058179892	0.0377131106691071	0.03124635027223069	0.028375825451407245	0.012337305723040603
GCA_001692915	0.021021961908391253	0.08409215551450182	0.0606277908026742	0.08387891540813029	0.04887506316844643	0.05333521112758784	0.09109991798457447	0.05974401245971717	0.06764068959232535	0.05933824321301643	0.060473866903047825	0.05274072355830965	0.05997100464754078	0.038180085991931005	0.02867176432577521	0.01348383301990738	0.039384304401494506	0.03837758576411038	0.023952812134969224	0.015110058073548783
GCA_026937265	0.02318657316498801	0.029416619171772133	0.04915636603437082	0.04964736693214707	0.06927531666725209	0.10962010505153054	0.044505454453434797	0.10820073476395888	0.042543717020319505	0.05853826011188022	0.039813752028683515	0.06147822241056513	0.04363600517137253	0.05143612097204581	0.0413400094347711	0.014675261448535742	0.033209412260594574	0.05478021477890041	0.012307126349261024	0.0632333617736161
GCA_001600815	0.017702301105475136	0.04945029160776949	0.059912615744907693	0.05113719457161876	0.07010007947860446	0.09611399034487655	0.07283651715369761	0.05947561998153196	0.07574502191061996	0.09089387731691553	0.042401748578956816	0.0340697787882753	0.02031831665259259	0.06342198967647168	0.04501850900521639	0.037695105572962274	0.041818011624583894	0.05123899472104152	0.010122410955285153	0.010527625208597196
GCA_000836295	0.022202257188411165	0.04007444042035794	0.052657295680670756	0.06691779097630791	0.02313686940869904	0.036853469231722114	0.06118646468386797	0.03727060375949431	0.011294377985597648	0.027677841609646443	0.08149196966084454	0.05748109352737748	0.08819786784094809	0.057037097223202715	0.014376822327330948	0.06488095793090619	0.06168263055378327	0.04969806031334595	0.057983475345551226	0.0878986143319343
GCA_000708205	0.019960555953759083	0.06742391839082305	0.05951788339335582	0.1046802944727242	0.03238061314908594	0.09583998154801093	0.012349986350783406	0.09284795648600554	0.06144745927497113	0.011889562509762475	0.05771618680303232	0.028604670513750673	0.06090762181013429	0.042876641737990516	0.024967701720093254	0.05825368857305104	0.05477145956109375	0.04351136680481328	0.04542459282270179	0.02462785812405751
GCA_900290415	0.021269324164859448	0.062724557814997	0.07971101118947894	0.03593456754721077	0.049487426962559214	0.08747258001940575	0.08417704855032553	0.06089985940728104	0.07331979966454298	0.06190681717005998	0.06526285411286874	0.054808791702022644	0.04025245817238266	0.03609958247556129	0.06381512314147353	0.045620210441704626	0.023889577877145286	0.02629586223233662	0.01488196298825167	0.01217058436553227
GCA_000235945	0.02303437236224968	0.09385815629959654	0.05540661988259365	0.05894793200374782	0.09643492251672453	0.048147530997407664	0.061181876043149154	0.05274380666468167	0.05533259214541124	0.09271632625744716	0.011349189655784681	0.05596742779563974	0.061363257657500156	0.036448963201931826	0.02604519789444355	0.05376954154704312	0.036919899803047974	0.04655115425905337	0.02344548581043982	0.010335747202106648
GCA_000349385	0.021515241418944706	0.09175194799675754	0.055776511879414244	0.07459996512888215	0.03669291532474424	0.07599004385896976	0.05945863185274062	0.03795748980377252	0.08708863102266504	0.037460437366428324	0.028145321213435468	0.06471690252331062	0.0641803321334968	0.06127189026480206	0.022425742987152098	0.04806912106910558	0.058463335481997884	0.04775913351229604	0.01129637550871917	0.01538002965236514
GCA_025558095	0.02005111571859668	0.014797555751715832	0.11981261302284438	0.0837465451634154	0.06794480846068718	0.0581437411082475	0.07550470318109347	0.015163490052123476	0.07060416950487362	0.03800631279435705	0.09307359307359307	0.020764322136645745	0.06941601053542425	0.050355701203524166	0.03502145217908977	0.02200986731810126	0.029058884785282256	0.025104057220740654	0.05531875319201084	0.03610230359763339
GCA_027600685	0.020997126695563965	0.08897473497122448	0.06571324557662343	0.04642909938642801	0.07884255617046801	0.11008591876925378	0.03416636789511334	0.06083533977547105	0.0616008179827058	0.0630788875843003	0.033198050706771724	0.057946530370199194	0.06623234345078595	0.0393974896392822	0.056624997238841096	0.04322870381855533	0.024517816696430543	0.024553499365358247	0.01187107172046537	0.011705402186158183
GCA_000721755	0.022713794135861963	0.028032655103539073	0.05825298067024579	0.08842962665233922	0.04904171502864806	0.06102140504714524	0.06175883127376231	0.03720085636594059	0.06558212787249662	0.04168365317179406	0.05940403000561888	0.057760406199630056	0.08785769068291903	0.08458131169997662	0.03780191205843631	0.058307118746949604	0.014224574585454083	0.049382538829715245	0.02435024054531808	0.012612531324209154
GCA_900073065	0.021909325014732445	0.05075527045335857	0.06859267414037558	0.059874051387917064	0.05481512773777105	0.08989388958251458	0.022986705424280135	0.06274733844712453	0.028569188106243735	0.05335220913080408	0.039026566659155604	0.08114152840386982	0.061580500089355714	0.0840792251857965	0.056580772041518304	0.05737679442420366	0.03885736333994879	0.03860187143982925	0.015798171418195766	0.013461427573004843
GCA_004335205	0.02174814278677483	0.09119032540185168	0.05827236446615801	0.0862826583029243	0.07887029162519979	0.061365742835027194	0.04144334871377303	0.05842154467866944	0.023884918121776892	0.05978286438071112	0.068483971169215	0.027974707721382833	0.06252379947123456	0.03741849874845442	0.0468516340460609	0.06159232787478513	0.0518125797923138	0.010720468047890468	0.014479125828080863	0.03688068598771575
GCA_027604685	0.031166834592522043	0.04706853081136844	0.008806810600197485	0.09990042572813686	0.05281395754793543	0.018150867271783076	0.07345002539668928	0.08764635908599919	0.05269452092131576	0.06908096359545371	0.08586268462911865	0.014512862624692056	0.07277803031065336	0.054593913282009125	0.0373615705435154	0.037754661419038375	0.035822019301483855	0.05627652597790379	0.04574291550493037	0.018515520855253747
GCA_027600665	0.024883174766668646	0.05777022041960584	0.08800820061484188	0.034563964506437325	0.07646634240221988	0.07480780447190842	0.07157208121576872	0.03412571564337401	0.05721079361848386	0.05843363559173042	0.011639549415495153	0.046336094840117456	0.06083251626158573	0.024788036469793932	0.02165306790372549	0.0634660940895631	0.011664738088012966	0.09846626513426499	0.04845653856241098	0.034855165983991236
GCA_002778095	0.01866996451151904	0.03353016336270229	0.11752797838322596	0.06609316767255995	0.0647401706179336	0.0798731842178514	0.02508111110678072	0.03497628665486657	0.013190900787121831	0.03320011905389486	0.07545091867802588	0.051813264253083476	0.086133769891631	0.06092507173694586	0.06568107381526093	0.06182556553164108	0.024628812970720823	0.040170228198255505	0.010573315066368855	0.035914933489610376
GCA_001661345	0.014618084187955953	0.08157514751183537	0.09658792917401304	0.10655245399347227	0.03677634962581474	0.03682933554076251	0.03980225783453863	0.04315559996078408	0.050302670141104344	0.0984411670734737	0.08139493194482739	0.05584207786010513	0.03947514119794491	0.05917511400696939	0.033860537899048186	0.05019638103028098	0.008011660708659643	0.01877985811831469	0.03770217537322549	0.010921126816869573
GCA_027603645	0.022844714552983633	0.08560890862407727	0.05807939716783956	0.05659697488003632	0.09137054099117788	0.06781935192215864	0.06501620390302708	0.051830962762334926	0.06340682168661495	0.03452160324704298	0.01234764808566933	0.04757230111078929	0.07904344133326027	0.04047599943638598	0.06133827995960766	0.03542182008188059	0.06242294339593102	0.024772352775407642	0.02696614206204451	0.012543592021730452
GCA_002916505	0.023300904781201063	0.09661061712304075	0.07671646188984661	0.01184983369983883	0.07300262785807828	0.06396897751053367	0.033099533385623825	0.06090682843095481	0.055240920945373	0.042672320731357974	0.08807063738167248	0.061177639181197487	0.04752505061552302	0.060861858939400756	0.03585087122799756	0.06579931035185273	0.03969066952616317	0.023600535758075067	0.025707393704917154	0.014347006957351778
GCA_027602005	0.021234758345337612	0.061114526502047344	0.043804317003731726	0.06082211358506403	0.06171636627610222	0.011713530619420846	0.05743044134160589	0.06675113142701587	0.10836427979991606	0.03409389426403366	0.08869117430214489	0.0585259122307544	0.02467565758878441	0.06533330308632873	0.03971076301849982	0.04718759570341299	0.024686546510440888	0.07858557444733051	0.011453557614872453	0.03410455633315563
GCA_000151315	0.020428372283288608	0.06240452893819253	0.03708508798987517	0.009607577884623204	0.05683451291768264	0.09319394046104497	0.03472522584455661	0.09475362816039119	0.05514187257463078	0.11953671961006106	0.066202284326888	0.05130667106437953	0.03507566858820746	0.0392331336900297	0.0589148530041151	0.04772262333910848	0.05862757695036138	0.02125294344482002	0.025264784740591992	0.012687994187151556
GCA_002591845	0.022955193770454064	0.060195431600849066	0.061882491185556915	0.05050049888956838	0.05745876728179105	0.02441231136164393	0.0831986322406497	0.08941170309278801	0.07022368473452474	0.0639353303827293	0.08711555635324546	0.06142424379633959	0.04109278909545784	0.0354178861593468	0.045424590755077134	0.05902717352464798	0.02512641354317427	0.03613935303106099	0.011512920121479201	0.013545029079615575
GCA_000151645	0.021435795837077904	0.036551306296454894	0.08297511031553644	0.05875439470264886	0.08893334387020534	0.0638546695802343	0.02309994774446615	0.049633261719360215	0.07920634074651288	0.02693763580772169	0.06291370240565364	0.06240891272345673	0.036061219226360804	0.05270825177978183	0.03553100627740276	0.05262861263089154	0.0660076833400414	0.0752035546015194	0.012166717819504607	0.012988532575168635
GCA_000182565	0.022182531474623957	0.07727187928876465	0.034829456488592106	0.04947331405190043	0.057369063182266616	0.06725018826637623	0.061124720902320115	0.091448284352629	0.08327541277683058	0.02656177365912241	0.06203321082555838	0.04049525436656531	0.03634124787175858	0.053865999623113475	0.058059157033615305	0.06714476381266711	0.06435868087829183	0.023426634367947383	0.012092444274213956	0.011395982502842569
GCA_003795315	0.022864179096501937	0.08905376757792073	0.07960839053004191	0.03959779473003993	0.06009127808402286	0.07388070411686526	0.06286179733165999	0.06116650750065079	0.06304825440302057	0.06000119851628265	0.04554457297322881	0.0357963224634777	0.0475188804483825	0.023516301729909393	0.060572783909041014	0.0860099560823938	0.035454516307073615	0.014701481656212094	0.027288956168656432	0.01142235637461802
GCA_027604505	0.020673932516608567	0.09131993630957337	0.04309578373298429	0.09003481857388446	0.0862456095983835	0.034681694969929414	0.07230795585738468	0.07430501087415341	0.01305920826815414	0.033858960884554944	0.060681803054194246	0.04573299806345548	0.06360445999911947	0.06426965813865125	0.022577300593399307	0.06183379769922403	0.009934154147775395	0.03277227584356326	0.022211733736291504	0.056798907138715306
GCA_003833135	0.0197205460290645	0.07348074309919508	0.08969559179447101	0.08156782100089666	0.08231626947866767	0.07284920445396388	0.021256444255108156	0.05908861643133864	0.07737852067523135	0.0448504273082573	0.015657177516585172	0.044379498714320766	0.05180120554336805	0.04144726102535374	0.042757797693173526	0.012180989577826753	0.038997981237851455	0.0480116917350857	0.04441041779382688	0.03815179463641371
GCA_002865625	0.02175914560159923	0.05162814323332411	0.02818312363141921	0.07999970054018596	0.05985099896686364	0.05823363346175262	0.05316019094235766	0.05887196313141172	0.06340411791145426	0.06770221377080081	0.053403431413956017	0.09127803515940726	0.015531087742573044	0.02321759964878449	0.08393222941898863	0.058954173325645315	0.03931921483896831	0.038553190984451535	0.013936040468886267	0.03908176580716992
GCA_000149305	0.024287712500527546	0.08113371798968488	0.05064926669440051	0.059449402817999666	0.06340800704198461	0.05925010768636105	0.047513969081453764	0.061746153603959374	0.050386498575458495	0.06799581446728578	0.04894437220693735	0.09189615752287204	0.040154452052270924	0.02596463867960109	0.06525910711761629	0.044764868589144545	0.012393310114613122	0.03432465076458991	0.0560344221211567	0.014443370372082336
GCA_025399235	0.02465567197281569	0.08127285269255362	0.04180407743270697	0.044183361231632134	0.05695467861419394	0.060660130610158014	0.06253194585556403	0.05227323157593649	0.04838864608214576	0.06485365648425848	0.06457113562238354	0.09176644107248584	0.06281904813682072	0.059341750826068095	0.024874663819263617	0.014335261245513835	0.03571995249373529	0.011746606580842428	0.04643787770939416	0.050809009941527344
GCA_003706495	0.018530825583235648	0.07564090871292493	0.03887734682436003	0.09644982040875451	0.049725583503893604	0.04566499727729478	0.0382965924606549	0.09164451395017584	0.06583984055409063	0.05352865278399961	0.05124453111797227	0.06608059207437948	0.055884530474179905	0.034972679061458026	0.042809509886236524	0.05993237497686371	0.019989417662980062	0.07427150870058559	0.009566352191978884	0.011049421793981077
GCA_002261195	0.023574229061573235	0.03787647332869718	0.08006062563508683	0.07953558280562326	0.05644307407403815	0.09140465445295484	0.06067413042206137	0.05433158717796269	0.040342946078683356	0.02576880463201578	0.06058522230746625	0.04370819904166751	0.05302997238029007	0.05260870956822663	0.0628729089215575	0.05894704988327173	0.012737461450249767	0.061852567068240376	0.03138585766101825	0.012259944049315229
GCA_027604305	0.02288481524152256	0.09154599266759314	0.05420663036959615	0.05132288824048964	0.06376643846858543	0.08975120225218973	0.0593045083194921	0.06341223217480091	0.0644960361167665	0.021671327050015947	0.03663649346460679	0.040274780135699226	0.0789145487710784	0.040417927788246016	0.06544263214280552	0.011070085130285153	0.02562837958639238	0.05955239332777506	0.048412417296592236	0.011288271455467121
GCA_000812075	0.020829865454956277	0.0881467485206886	0.05872677126098795	0.07964204239811692	0.04797560548379106	0.06281878137285488	0.08852713547890925	0.03769189070974817	0.06268155185441233	0.03621574055743791	0.02279647639372434	0.048230786053583774	0.05937622757712164	0.06335857845144158	0.02665942514927856	0.03485028611940005	0.07028224297709283	0.01196218518315062	0.06475326153313564	0.014474397470167608
GCA_027604065	0.0181929094216634	0.09941352429060195	0.03617007202861514	0.08754223362440186	0.05170194601256026	0.08615860899730601	0.05470035256822874	0.07437764749199069	0.04762954707156891	0.037788173138952566	0.018495903299906802	0.06824759294123839	0.05336651566760481	0.04596308074123019	0.056644918913574906	0.07236077040105436	0.03739532426864793	0.030817891432883656	0.014294293354500229	0.008738694333469183
GCA_027596945	0.01933477673806245	0.08924669088803062	0.047858126559432695	0.055613452621867246	0.05840738358761276	0.041698009650384026	0.06581706697016328	0.04750743308539546	0.05923773414639895	0.020945980072933468	0.09167544943649973	0.08508045915086049	0.05130462012977174	0.06282632339224804	0.05940474707306479	0.012001023627615048	0.04163908371859669	0.02592538966876892	0.010451945060828397	0.054024304421465205
GCA_027604365	0.021677335295375032	0.05299632343720191	0.08572341199137794	0.021022314556557595	0.04724790156306913	0.05718276033312206	0.05346493511200806	0.09256957613135496	0.06343070024597258	0.027341937816072182	0.06245528892838575	0.04060109156099306	0.08192209104367555	0.05403338566918831	0.07055841974305	0.0426622709510762	0.012970640410604799	0.060768545800561395	0.03973328617011413	0.011637783240239374
GCA_003264845	0.021924862569571435	0.05994330415820038	0.0803580368423781	0.06119310554308811	0.09504385814698135	0.02346942843202703	0.062200170720099326	0.07422693570896659	0.059920845912290445	0.08683518211485185	0.06262818745673279	0.03391157701989932	0.06162935696988855	0.0266815190532951	0.011324196195984878	0.04426258255978713	0.04389913328014472	0.04079259641465333	0.03512095356214917	0.014634167339010403
GCA_002104985	0.0638031546472421	0.08668693840125692	0.014678423729547519	0.04212674265071664	0.0690644709661192	0.05568621249954169	0.05380016564017938	0.043265764070022736	0.05328957503441281	0.0944360259695073	0.040527224030228653	0.048583058259685716	0.022257465312957792	0.0787149955361043	0.06080735781583099	0.051910497570847085	0.027936276964623342	0.022244791078062875	0.05785697699279334	0.012323882830319606
GCA_027604705	0.022560648134656136	0.06348221707697471	0.03505911913177616	0.07613274579972748	0.06552736374923995	0.07565397212645096	0.09000370132690687	0.04620750784524687	0.025738991625326592	0.02142764956621916	0.07194530997076408	0.0356070820439651	0.06251594673181954	0.0293709310433083	0.13563707726415836	0.010423586829620211	0.05882155857384524	0.03454129021475824	0.027250449383115487	0.012092851562120538
GCA_003788565	0.02079707307764438	0.054818240841577916	0.02447628949420439	0.04666770306565725	0.07731358252971285	0.08102446669320726	0.07063072829785998	0.058590404151737586	0.062170915902528046	0.036671936399100255	0.08655576649108203	0.03906319401718119	0.013920785118845902	0.0644781374648913	0.027846231291353142	0.06458794640555993	0.0557486694062695	0.06477260638443713	0.013604381829129063	0.036260941138020926
GCA_000149865	0.024205202495903997	0.056843262335950065	0.05055416210354227	0.07221961391516836	0.060307506685093805	0.03786634492082926	0.09695687713924274	0.0921029674847821	0.013692170823030803	0.06570746527998551	0.06063101588501384	0.027670209838443777	0.05752359811408379	0.052264538966327066	0.027166125534794788	0.04528340372371297	0.05486482046002398	0.04653725620453513	0.04772778023348615	0.009875677856049597
GCA_002083745	0.024254319253236255	0.09277004252063914	0.05641681575492426	0.0458715330490575	0.040624608364122905	0.05908651980557716	0.06419242539087525	0.048222736770223144	0.011646873686246508	0.07876109891548103	0.03550687069683477	0.0487001250578625	0.06584215567977364	0.06359116244893188	0.0506688386183702	0.0667645751328755	0.05976915849508473	0.0469600845921421	0.025606557194956248	0.014743498572785294
GCA_002081935	0.020673710458976105	0.06232577168779557	0.036786464792158004	0.08117817080966899	0.06143055983569897	0.06012674872539977	0.08967597637572634	0.08746018584117968	0.06895725822308213	0.04683783004318268	0.059863586093010956	0.05874704228852297	0.027484345265137676	0.011861557040279944	0.03716294091213475	0.014824298788957689	0.03946151030287883	0.04988440965261474	0.06119563732482741	0.024061995538766805
GCA_027604665	0.023072830817716272	0.09353998033643551	0.052945805019907026	0.05903342909565216	0.025150817882033116	0.06647719679208319	0.12030957163888246	0.05808340335067968	0.07891844179201585	0.06633034166738325	0.036061350735622444	0.05457519759395879	0.066773756082703	0.04486255707147571	0.040875194382312324	0.011339443059062178	0.0406032404476828	0.012040307199164558	0.02082804534015998	0.028179089695069708
GCA_025558075	0.02299210520305438	0.0782711638164022	0.013022481519171084	0.0838764442707527	0.05695140550732508	0.013813991376882025	0.06170427120949507	0.09217879646853121	0.03976658199194533	0.04844502191307349	0.02511641716807467	0.06311092050134878	0.06281477045199045	0.05152934727717056	0.035635707524545944	0.06802087007717157	0.06322866996398999	0.027645746681317678	0.0560753901085376	0.03579989696922019
GCA_001563115	0.06023916303820209	0.08698171486036729	0.09070723678243651	0.03889907511338876	0.058908464014894545	0.0806971005417846	0.05716288292968554	0.047947393128688176	0.023157500636689417	0.061035550850624315	0.06261874892524649	0.0608612684594583	0.036489015202909834	0.07133896328823419	0.047986719130358436	0.037862522973423025	0.02211615972161254	0.027273960745104384	0.015405054189343815	0.012311505467547704
GCA_027604625	0.02352082618535799	0.03612864877397149	0.07113416098135186	0.05339815720333082	0.07515585503789302	0.041125501719793144	0.08422497275016746	0.047336518510046846	0.06524539631487347	0.05903017826564249	0.021822117138880395	0.02533390283732803	0.05193518546613357	0.0672954550935986	0.09306442163835096	0.011632974903701698	0.056794952887548635	0.05089249522884802	0.05416963283330571	0.010758646229875775
GCA_025602905	0.022592197547132837	0.04215695542295913	0.06035912201815247	0.03810103014903101	0.08369438519889533	0.08317892525485954	0.06256073035054928	0.05989539063992902	0.0915419129183066	0.012374690085033647	0.05565892252845984	0.03697679598537643	0.059598813529271676	0.049816028877116864	0.05207098863229266	0.061452521899440476	0.06278225032649853	0.02518450869425334	0.026649137106665114	0.013354692835776207
GCA_000385595	0.021665606808399344	0.05854072841209469	0.072842344625951	0.057591737146673865	0.02867179591148227	0.02271880548789389	0.062494934361815864	0.0874992649858321	0.059029981086013796	0.0376956130948989	0.04852342180822793	0.046037200911667304	0.05822311147900289	0.09979369656390241	0.06474027493956992	0.038409172795190204	0.01149459994455893	0.07324010364437619	0.015365939432108188	0.03542166656034029
GCA_001557505	0.022154756628309596	0.058803268900960104	0.058730957906596715	0.08991063407703183	0.05891760273196011	0.06343830849360817	0.03785353693529831	0.07929233543103933	0.08737435766508433	0.06094357918807122	0.05979310492468001	0.0393657247472485	0.04737575314041415	0.027661809725353013	0.01197745990188857	0.015515782746691891	0.07120270151337714	0.0363817861925645	0.05053872483684436	0.022767814312978158
GCA_002214945	0.022795714062162284	0.07275702990799117	0.07081476921437264	0.06837998397754232	0.058077929432387834	0.04637425780806496	0.06208235081944591	0.03845529032403024	0.03604734837074194	0.08377729141724782	0.056149985156658394	0.05569603540609215	0.08730211280502172	0.06040633573073681	0.07242616158344355	0.023078264476334265	0.026359905599131154	0.013321228006651567	0.03446081089383959	0.01123719500810369
GCA_001270325	0.022250849188372664	0.08756152449028372	0.06004481308099688	0.08840278602079028	0.02338276159798634	0.0600078211509287	0.03757993915437261	0.047014100835936316	0.0697456418628323	0.062252133743306896	0.0822645646578287	0.014673804347649345	0.02813886689246649	0.06227144271779304	0.04054152933582006	0.05721208489769902	0.04957609687170223	0.01117786370384342	0.05884907942939745	0.037052296019993526
GCA_000225545	0.020187815494682206	0.040928841506235325	0.05419820557799054	0.05648897938600622	0.06175653600053259	0.06337248384008477	0.05767822473591886	0.06632026066245125	0.06843367860356106	0.08351277145713308	0.038223247177988584	0.0554297367602098	0.0853022309970178	0.03724910042133813	0.029151363534620302	0.07543740063047827	0.021789959281539248	0.05880613815550248	0.013629143116049972	0.012103882660659517
GCA_000732205	0.023078278512899057	0.09800281722154393	0.08711345311911885	0.06422681240036242	0.03880342112040338	0.061325345297314884	0.015090172984909826	0.07490326879025254	0.06079755938112879	0.01117963592989685	0.04478548140393973	0.05854044568820176	0.02214970060504577	0.026535474366099085	0.0607714933046676	0.04597305184751137	0.03708535388869368	0.061955101704617134	0.07352656289587854	0.034156569537514815
GCA_027604245	0.022239206154308768	0.046530222240393125	0.06607665453758937	0.07369700342770626	0.05355279973306358	0.07767763998665318	0.05705040535033427	0.0543279572374191	0.06928872787124803	0.09679445500261794	0.052163055419640135	0.03558668641433438	0.044478412308617536	0.06113753951621731	0.06136636099985097	0.04489517074566789	0.03910770172229381	0.013603997715741731	0.0198679034017248	0.01055810021457784
GCA_002374405	0.021141015208894925	0.0858437579302668	0.06745190187915977	0.06725577398281112	0.053686643016536875	0.040356308992763476	0.06801221382731612	0.10181957281547584	0.06260671940161529	0.055974677043978315	0.04699733430748512	0.05424021774687973	0.058718596143466806	0.045168928250876025	0.04968735566446559	0.032541136329099614	0.04376084972785383	0.02300685025335682	0.009906330214999592	0.011823817262698346
GCA_000338955	0.022743364047701917	0.08849562182857353	0.06500783124805364	0.05551393137811647	0.060649581417501694	0.0607519372034659	0.05981516422722526	0.06306581912106834	0.07830377914964554	0.03433223726391764	0.09436127241752001	0.0703747549872685	0.04548810199857114	0.04267274542490245	0.02758064811592079	0.01298979647914415	0.014281952407994285	0.03433933576361538	0.025284168971770868	0.0439479565480225
GCA_002006685	0.024710332935091176	0.02851900502797538	0.0348031489130997	0.09338784739047454	0.10039609015948149	0.06158343625637209	0.07970810084709298	0.056620204266314325	0.057454898800394845	0.06602065112409565	0.05458803212005809	0.04800548172934181	0.013496887732026189	0.05243040819148784	0.02621061886978215	0.04247129740252452	0.05818468336447007	0.051794712464148115	0.010001111458773132	0.03961305094699589
GCA_003184365	0.021148318249948655	0.08456355778516773	0.08982856943090994	0.059842247169407316	0.05991548643369356	0.03577974034146277	0.06920935679669986	0.04101695952175984	0.0631769934320636	0.026960614230965876	0.04826292721083382	0.03733769156481194	0.02425111104313513	0.059600505158648655	0.08452422882463216	0.04944297082228117	0.0613433898942051	0.05771603616516415	0.013971744326797443	0.012107551597411281
GCA_000002945	0.020567015067308084	0.04966437190212153	0.06577151529592588	0.09844132035900507	0.06407308900208869	0.061083240490895	0.03819398380999607	0.04859705952434618	0.034000296237144276	0.02249684979703462	0.05393490940080671	0.011146673879397136	0.05198060290698798	0.060553018935564126	0.0627760855052024	0.04733526102141709	0.09443482031499884	0.04548184688832933	0.05502154159233905	0.014446498069091948
GCA_025201845	0.023377863300538114	0.028666184862175835	0.06519760634799586	0.06192783869303881	0.025311584146563152	0.0419359081792963	0.08732632499929799	0.012487899465433484	0.046602317686510804	0.054602045747779784	0.014945693539829417	0.03378040651884432	0.08986363159396	0.09939537970184283	0.03535410413184299	0.05468096709689147	0.056372898940769085	0.05562979679969496	0.06808636419394552	0.044455184053749285
GCA_027604165	0.024102903167638395	0.06019417860494978	0.09190986329292514	0.0496153482869838	0.09122854064850819	0.05023953626466099	0.05857442731578694	0.0677387618092072	0.09062614971132131	0.053823002747087616	0.02265967488062818	0.06133901861797516	0.024940603064663894	0.042176777961474725	0.03947543110252733	0.013362576595130541	0.05375942804565753	0.05260038693049452	0.04086466217559564	0.010768728776783114
GCA_000002525	0.022622830420814838	0.0823838944505718	0.058967392256349616	0.02398022572509337	0.06118279388388633	0.06521962764309103	0.0672776962625767	0.0388268562985913	0.059950564312733434	0.08697043827434355	0.04194708196635685	0.07831775980727662	0.04916115072215532	0.05434931813339355	0.0403253417295229	0.06377146329570611	0.029959198518904006	0.050659954640957475	0.012004126328850829	0.012122285328824395
GCA_003614755	0.059226723326184214	0.039385413794039606	0.0691588090641892	0.032863568015950015	0.053398832802507575	0.07189176393709346	0.05786834282818439	0.029335208012730294	0.05696672491699448	0.0638762711598007	0.09280329821643497	0.06391580327106787	0.041628742035827525	0.04672743180829879	0.10434476954446148	0.031559484634630416	0.026931369873387696	0.014875504808390715	0.012926524093869237	0.03031541385595737
GCA_000226115	0.019553551554900288	0.07702260451032376	0.06896987167196683	0.03428802514109913	0.06285825735687887	0.03078814965653574	0.05593079145537609	0.04013848761126501	0.06066502262214083	0.039039005286947474	0.07519321930804679	0.025084240753351448	0.04240841503970169	0.10474591137586252	0.011890012098933575	0.014431669674871462	0.05639116799887165	0.0682177102823305	0.08917685379243166	0.023207032808164687
GCA_002104995	0.02601693970801293	0.08024434414354174	0.062230023403543964	0.02530145993536164	0.09521620416805973	0.06782709238827594	0.03456759166388053	0.09055499832831829	0.055729689067201604	0.055363869385935585	0.02906943051376351	0.03667168171180207	0.06552880864816672	0.057968628106541846	0.042433968572383816	0.04881059846205282	0.04409478435305918	0.01285439652290204	0.015158809762621198	0.054356681154574836
GCA_003990805	0.020626918683854027	0.06789650586087953	0.0628754359135876	0.08436350924193727	0.08769025564742891	0.058248300933111216	0.022857951936613705	0.013719182474661041	0.058001172555373834	0.05004302215712242	0.08465403924455558	0.0365726282316423	0.03636226079301172	0.040107133234924694	0.06118870172695777	0.04940859949834362	0.06593631772076486	0.06102553059079335	0.027846529957082197	0.01057600359735435
GCA_000203795	0.024535566799846108	0.05725068045489684	0.09337536878785535	0.06106855368562446	0.05670406244252699	0.06290564102616646	0.039431548004793024	0.09420272407368227	0.06994482078152543	0.06455189874195891	0.045503772279038505	0.049189473581751665	0.05263260353595768	0.04590182494596576	0.05401195592424807	0.010559153853759447	0.029213326004109624	0.026948472927551852	0.047279128157077625	0.014789423991663947
GCA_002104975	0.019863140267205075	0.08704569903821828	0.03463731061452319	0.04557752253663934	0.016505691771929756	0.09944204477508763	0.08088958929034945	0.04574937015741263	0.0897451344679385	0.042739417478680056	0.03206257513197497	0.042709834624655725	0.0543809895649564	0.0377045800729279	0.08508306156654155	0.057077138010896145	0.0733734900033065	0.007907147638677075	0.032400929024878254	0.0151053339632016
GCA_900120095	0.018210863747005136	0.037267742725518554	0.06275904163159367	0.06618485204950314	0.05661510408412934	0.06471700459744228	0.089833734118655	0.09480824487782247	0.07034715878537204	0.09353076922850762	0.04241248556775928	0.043234244932508416	0.055371439643024205	0.06140159512460018	0.023306065818955973	0.030688669628920518	0.03534682508344753	0.02671364758548282	0.013436280132034238	0.013814230637717608
GCA_003144135	0.062278109508077786	0.053436463495024226	0.10200976140076704	0.10412270410637484	0.0892792268032481	0.021958220064955455	0.05691903801926964	0.0785361515400755	0.028043615608816276	0.0577497488962669	0.03804420192849859	0.009921953726773932	0.030323138859679452	0.06589493480070337	0.022405357318009383	0.012380112693930715	0.04113854514908137	0.044303575508933705	0.018670994107761175	0.06258414646375257
GCA_002104945	0.019959905773997547	0.08247289455204496	0.03493458227210695	0.04404123213966097	0.031770858790752234	0.05429159775947755	0.014665758961333793	0.08758700063752703	0.04490627157104171	0.05772379994240103	0.07414407688864305	0.09949025969116686	0.016963036443126647	0.00777392651595523	0.04123987578596393	0.08613120257008137	0.09069112079220733	0.03688900875975499	0.03964553075267925	0.03467805940007757
GCA_000950595	0.02510343549189732	0.08167083671333047	0.011105374920904819	0.08874901631796935	0.06334739036790682	0.05179288907791368	0.025614062289539687	0.060206537495555296	0.03859065271444268	0.04774317247795188	0.059811548827658906	0.03277214914113785	0.06196666243670761	0.07386158159179566	0.06224709572888186	0.0490721447668116	0.04778691574051497	0.05734893307583999	0.04874536960241705	0.012464231220822486
