relaxed_bgcome_size	Cyanobacteriota_multicellularity_genes	Cyanobacteriota_sporulation_genes
554539.0	11	5
43449.0	1	2
63404.99999999999	1	1
857980.0	10	5
229939.00000000003	10	5
53533.0	1	2
310249.0	3	3
63405.0	1	1
56076.0	1	1
63404.99999999999	1	1
171153.00000000003	1	1
63330.0	1	2
41405.0	1	1
267352.0	10	5
75763.0	1	2
576420.0	11	5
61428.99999999999	1	1
316197.0	11	5
473909.99999999994	11	5
83321.0	1	1
54889.0	1	1
0.0	1	2
43527.0	1	2
16719.0	1	1
57995.99999999999	0	1
221659.00000000003	10	5
81854.0	1	1
430692.00000000006	4	4
39798.0	1	1
80189.0	1	1
407978.0	3	3
82244.0	1	1
42136.0	1	1
494543.99999999994	11	5
596208.0	11	5
61608.99999999999	1	2
23702.0	1	2
930703.0	11	5
0.0	1	2
40409.00000000001	1	1
621131.0	11	5
61408.0	1	1
0.0	1	2
41331.0	1	2
43526.0	1	2
1958314.0	11	4
61052.0	1	1
0.0	0	2
613316.0	11	5
0.0	1	2
32043.999999999996	0	2
29905.0	1	2
626139.0	11	5
42136.0	1	1
813212.0	11	5
624691.0	11	5
526008.0	11	5
61352.0	2	2
83041.0	1	1
929618.0	11	5
75781.0	1	1
0.0	1	2
466838.0	2	3
104107.0	1	1
61937.0	3	1
27980.0	1	2
922185.0	11	5
529750.0	11	5
38793.0	1	2
20474.0	1	2
63399.00000000001	1	1
151708.0	3	2
824006.0	11	5
43481.0	1	2
41887.0	0	1
43569.0	1	2
42184.0	1	1
61783.0	1	1
0.0	1	2
466652.0	11	5
42496.0	1	1
62863.0	1	2
63405.0	1	1
229963.0	3	3
134323.0	3	2
42136.0	1	2
62243.0	1	2
83071.99999999999	1	1
981534.0	11	4
62937.0	1	1
126326.99999999999	1	1
54006.99999999999	1	1
42151.0	1	1
292863.0	11	5
357579.0	3	3
994402.0	10	5
511457.99999999994	10	4
83285.0	2	1
268918.0	11	5
371315.0	11	4
0.0	0	2
748602.0	11	5
81915.0	1	1
256347.0	9	5
42272.0	1	2
66233.0	1	1
1005302.9999999999	11	5
619855.0	11	5
1031750.9999999999	11	5
139893.0	11	5
84970.0	1	2
1227169.0	11	5
249039.99999999997	11	5
32196.999999999996	1	1
103181.0	1	1
42226.0	1	1
20471.0	1	2
75378.0	3	3
63404.99999999999	1	1
284311.0	10	5
61593.0	1	1
37754.0	1	2
0.0	0	2
41147.0	1	3
61712.99999999999	1	1
54738.0	0	2
43487.0	1	2
41274.0	1	3
0.0	1	2
712885.0	11	5
0.0	1	2
43970.0	1	2
63405.00000000001	1	1
76231.0	1	1
62529.0	1	1
614350.0	11	5
46714.0	1	1
121075.0	8	4
43643.0	1	2
76092.0	1	2
631867.0	11	5
20879.0	2	3
460347.99999999994	3	3
52911.00000000001	1	1
461725.99999999994	11	5
410545.0	10	5
99178.0	11	4
0.0	0	2
43510.0	1	2
684520.0	11	5
104358.99999999999	11	4
148228.0	1	2
309986.0	10	4
0.0	1	2
0.0	1	2
82091.0	1	1
322550.0	11	5
129857.99999999999	4	3
0.0	1	2
63532.0	1	1
43631.0	1	2
63405.0	1	1
63404.99999999999	1	1
0.0	1	2
55780.0	1	2
142206.0	3	2
314378.0	4	4
28355.0	1	2
42978.0	1	1
1083046.0	11	5
41776.0	1	1
42193.0	2	1
85460.0	1	1
61567.0	1	1
99139.0	1	1
63405.00000000001	1	1
104405.0	1	1
330238.0	9	5
298494.0	11	5
473010.0	11	5
97094.0	1	1
678845.9999999999	11	5
42226.0	1	1
387403.0	11	5
876421.0	11	5
193551.0	1	2
43499.0	1	2
61105.0	1	2
54472.0	1	1
42121.0	0	1
736459.0	11	5
817896.0	11	5
166073.0	11	5
82622.0	1	1
0.0	0	2
80925.0	1	1
0.0	2	2
0.0	1	2
61355.0	0	2
0.0	1	2
665813.0	11	5
63390.00000000001	1	1
43488.0	1	2
54692.0	1	1
80042.0	1	2
0.0	1	2
0.0	1	2
875740.0	11	5
54832.0	1	1
254403.00000000003	11	5
527921.0	11	5
424402.0	11	5
0.0	1	2
412503.99999999994	11	5
21371.0	1	1
873459.0	11	5
24547.0	1	2
215231.0	10	5
43421.0	1	2
61062.99999999999	1	1
20471.0	1	2
61779.0	1	1
640278.0	11	5
158997.0	1	1
63404.99999999999	1	1
1221648.0	11	5
109021.0	1	1
136923.0	1	2
83708.0	4	3
82163.0	1	1
43198.0	2	2
20471.0	1	2
40248.0	1	1
41706.0	1	1
160097.0	10	4
118871.0	11	5
0.0	0	2
63405.0	1	1
785115.0	11	5
65132.00000000001	1	1
21284.0	1	1
241241.0	11	5
621161.0	11	5
112363.0	4	3
61015.0	1	1
821853.0	11	5
61042.0	1	1
62657.0	1	1
140127.0	3	3
42532.0	1	2
0.0	1	2
63405.0	0	1
61031.0	1	1
63456.0	1	2
0.0	1	2
82295.0	1	2
61863.99999999999	1	1
1151221.0	11	5
662574.0	11	5
43513.0	1	2
287417.0	1	1
0.0	0	2
757433.0	11	5
0.0	0	2
63405.00000000001	1	1
40437.0	1	1
36234.0	1	2
43584.0	1	2
724287.0	3	4
81500.0	1	1
61127.0	1	1
102914.0	1	1
63375.00000000001	1	2
67616.0	1	2
43820.0	1	2
384067.0	11	5
0.0	0	2
79559.0	1	1
248363.0	10	5
757685.0	11	5
0.0	1	2
0.0	1	2
43563.0	1	2
43485.0	1	2
212599.0	1	1
43521.0	1	2
61009.0	1	1
169310.0	1	1
63404.99999999999	1	1
996134.0	11	5
43481.0	1	2
20849.0	0	2
0.0	0	2
120852.0	10	4
63384.0	1	2
135306.0	3	2
50945.0	1	1
42193.0	0	1
43523.0	0	2
61610.0	1	1
63405.00000000001	1	1
81090.0	1	1
24122.0	1	2
162037.0	9	5
103660.0	0	1
0.0	0	2
970302.0	11	5
63646.99999999999	1	1
63405.0	1	1
1277016.0	10	5
827259.0	11	5
0.0	1	2
0.0	0	2
0.0	1	2
440479.0	11	4
399743.0	11	5
958165.0	11	5
61141.99999999999	1	1
0.0	0	2
217936.0	9	5
63405.0	1	1
1003458.0	11	5
423728.99999999994	9	4
60286.00000000001	3	3
199694.0	1	1
1193380.0	11	5
43286.0	1	2
61328.00000000001	1	1
67779.0	1	1
906351.0	11	5
117085.0	1	1
63389.99999999999	1	1
0.0	1	2
126594.0	1	1
26923.0	1	2
41868.0	0	1
43466.0	1	2
424048.0	11	5
39991.0	1	1
585976.0	11	5
36098.0	0	1
81438.0	1	1
103561.00000000001	3	2
83360.0	1	1
370270.0	11	5
1065482.0	11	5
426461.0	3	3
60928.00000000001	1	1
61031.0	1	1
136740.0	1	1
786878.0	11	5
847855.0	11	5
54793.00000000001	1	2
84900.0	1	1
167448.0	1	1
80897.0	1	1
61357.0	1	1
61753.99999999999	3	2
103763.0	1	1
0.0	1	2
0.0	1	2
268557.0	11	5
492888.0	2	3
64630.0	0	1
41233.0	1	2
112570.99999999999	1	1
63405.0	1	2
643363.0	11	5
543342.0	11	5
80930.0	1	1
43517.0	0	2
205954.0	1	1
61016.0	1	1
20888.0	1	3
129180.0	3	3
2037369.0	11	4
0.0	1	2
20465.0	1	2
933202.0	11	5
33645.0	1	2
43528.0	1	2
63405.0	1	1
0.0	1	2
21212.0	1	2
82148.0	1	1
506749.0	11	5
61023.00000000001	1	1
63968.0	1	2
42148.0	1	1
52133.0	1	1
88384.0	1	1
210608.0	10	5
40767.0	1	1
43521.0	0	2
43457.0	1	2
43520.0	1	2
498527.99999999994	3	4
468224.0	11	5
1056948.0	11	5
59187.0	1	2
42136.0	1	1
0.0	1	2
0.0	1	2
43148.0	1	2
110928.0	1	1
82523.0	0	1
86132.0	3	2
118239.00000000001	0	1
0.0	0	1
54882.99999999999	1	2
751110.0	11	5
103055.0	1	1
1073127.0	11	4
80387.0	1	1
441632.0	11	4
164372.0	9	5
639037.0	11	5
61116.0	1	1
531622.0	11	5
38195.0	1	2
82625.0	1	1
61058.99999999999	1	1
43532.0	1	2
63935.00000000001	1	2
57092.0	1	2
902887.0000000001	11	5
463582.0	11	5
43532.0	1	2
43517.0	1	2
63405.0	1	1
104416.0	1	1
149566.0	1	1
133317.0	1	1
81098.0	11	4
63405.0	1	1
43585.0	1	2
897565.0	11	5
229845.0	11	5
0.0	1	2
690438.0	11	5
87154.0	2	3
61412.0	3	3
93901.00000000001	1	1
283587.0	11	5
63390.00000000001	0	1
40299.0	1	1
124885.0	1	1
451195.00000000006	10	4
61047.0	1	1
709341.0	11	5
285135.0	11	5
63405.00000000001	1	1
61941.0	2	1
34683.0	1	2
0.0	1	2
83240.0	1	1
43480.0	1	2
234792.00000000003	11	4
43492.0	1	2
43614.0	1	2
43547.0	1	2
53178.0	0	1
63405.0	1	1
62471.0	3	1
60700.0	0	2
46995.0	1	1
60791.0	1	1
55308.0	0	1
39803.0	1	2
250459.99999999997	4	2
29564.0	0	2
43564.0	1	2
40938.0	1	2
43569.0	1	2
1036683.0	11	5
57730.0	0	1
196514.0	1	2
61032.0	1	1
791761.0	11	5
0.0	0	2
50423.0	1	1
0.0	0	2
0.0	0	2
223351.0	1	1
